camera 10 5 5 10 5 0 0 1 0
screen 90 2 0.3 -200
model 5 7.5 10 15 # центр в точке (5, 7.5), размеры 10x15
# первый рисунок
ambient 0.0 0.0 0.0
diffuse 0.255 0.243 0.205
shininess 32
mesh 8 2
2.5 11.5 0 0 0 1 #0
3. 12. 0   0 0 1 #1 верхняя девая сторона
3. 12. 0   0 0 1 #2
3.5 11.5 0 0 0 1 #3 верхняя правая сторона
3.5 11.5 0 0 0 1 #4
3. 11. 0   0 0 1 #5 нижняя левая сторона
3. 11. 0   0 0 1 #6
2.5 11.5 0 0 0 1 #7 нижняя правая сторона

0 1 3
0 4 5

mesh 8 2
4. 11.5 0 0 0 1 #0
3.5 11. 0 0 0 1 #1 верхняя часть пятна
3.5 11. 0 0 0 1 #2
3.5 10.5 0 0 0 1 #3 левая сторона пятна
3.5 10.5 0 0 0 1 #4
4. 10. 0 0 0 1 #5 нижняя часть пятна
4. 10. 0 0 0 1 #6
4. 11.5 0 0 0 1 #7

0 1 3
4 5 7 

mesh 5 1
2.5 11. 0 0 0 1#0
3. 10.5 0 0 0 1#1 верхняя правая сторона пятна
3. 10.5 0 0 0 1#2
2.5 10.5 0 0 0 1#3 нижняя сторона пятна
2.5 11. 0 0 0 1#4

0 1 3

mesh 6 1
4. 9.5 0 0 0 1#0
3.5 10. 0 0 0 1#1 правая стороан треуголбника
3.5 10. 0 0 0 1#2
3. 9.5 0 0 0 1#3 левая сторона треугольника
3. 9.5 0 0 0 1#4
4. 9.5 0 0 0 1#5 нижняя сторона треугольника

0 1 3

mesh 5 1
4. 9. 0 0 0 1#0
3. 8. 0 0 0 1#1 верхняя левая сторона большлго углового треугольника
3. 8. 0 0 0 1#2
4. 8. 0 0 0 1#3 нижняя сторона
4. 9. 0 0 0 1#4

0 1 3

mesh 6 1 
2.5 9. 0 0 0 1#0
3. 8.5 0 0 0 1#1 левая верхняя сторона маленького треугольника
3. 8.5 0 0 0 1#2
2.5 8.5 0 0 0 1#3 нижняя сторона
2.5 8.5 0 0 0 1#4
2.5 9. 0 0 0 1#5 правая верхняя сторона

0 1 3

mesh 8 2
2. 8. 0 0 0 1#0
2.5 8. 0 0 0 1#1 верхняя сторона квадратика
2.5 8. 0 0 0 1#2
2.5 7.5 0 0 0 1#3 правая тсорона
2.5 7.5 0 0 0 1#4
2. 7.5 0 0 0 1#5 нижняя сторона
2. 7.5 0 0 0 1#6
2. 8. 0 0 0 1#7 левая сторона

0 1 3
0 5 3

mesh 6 1
2.5 7. 0 0 0 1#0
3. 7.5 0 0 0 1#1 левая верхняя сторона треугольника
3. 7.5 0 0 0 1#2
3. 7. 0 0 0 1#3 правая сторона
3. 7. 0 0 0 1#4
2.5 7. 0 0 0 1#5 нижняяя сторона

0 3 2

mesh 8 2
3.5 7. 0 0 0 1#0
3.5 7.5 0 0 0 1#1 левая сторона квадратика
3.5 7.5 0 0 0 1#2
4. 7.5 0 0 0 1#3 верхняя сторона
4. 7.5 0 0 0 1#4
4. 7. 0 0 0 1#5 правая сторона
4. 7. 0 0 0 1#6
3.5 7. 0 0 0 1#7 нижняя сторона

0 1 3
0 5 3

mesh 8 2
3.5 6. 0 0 0 1#0
4. 6.5 0 0 0 1#1 верхняя левая сторона ромба
4. 6.5 0 0 0 1#2
4.5 6. 0 0 0 1#3 верхняя правая сторона
4.5 6. 0 0 0 1#4
4. 5.5 0 0 0 1#5 нижняя правая сторона
4. 5.5 0 0 0 1#6
3.5 6. 0 0 0 1#7 нижняя левая сторона

0 1 3
0 5 3

mesh 13 4
4.5 6.5 0 0 0 1#0
4.5 7. 0 0 0 1#1 верхняя левая сторона странной фигуры сапог
4.5 7. 0 0 0 1#2
5.5 7. 0 0 0 1#3 верхняя сторона
5.5 7. 0 0 0 1#4
5.5 6. 0 0 0 1#5 прравая сторона
5.5 6. 0 0 0 1#6
5. 6. 0 0 0 1#7 нижняя сторона
5. 6. 0 0 0 1#8
5. 6.5 0 0 0 1#9 нижняя левая
5. 6.5 0 0 0 1#10
4.5 6.5 0 0 0 1#11 соединитель
5. 7. 0 0 0 1#12

0 9 12
0 1 12
7 12 3
7 5 3

mesh 8 2
6. 6.5 0 0 0 1#0
6.5 6.5 0 0 0 1#1 верхняя сторона вертикального прямоугольника
6.5 6.5 0 0 0 1#2
6.5 5.5 0 0 0 1#3 правая сторона
6.5 5.5 0 0 0 1#4
6. 5.5 0 0 0 1#5 нижняя сторона
6. 5.5 0 0 0 1#6
6. 6.5 0 0 0 1#7 левая сторона

5 0 1
5 3 1

mesh 6 1
5. 5.5 0 0 0 1#0
5.5 5.5 0 0 0 1#1 верхняя сторона треугольничка
5.5 5.5 0 0 0 1#2
5. 5. 0 0 0 1#3 правая сторона
5. 5. 0 0 0 1#4
5. 5.5 0 0 0 1#5 левая сторона

3 0 1

mesh 8 2
7. 4.5 0 0 0 1#0
7. 5. 0 0 0 1#1 левая сторона квадратика
7. 5. 0 0 0 1#2
7.5 5. 0 0 0 1#3 верхняя сторона
7.5 5. 0 0 0 1#4
7.5 4.5 0 0 0 1#5 правая сторона
7.5 4.5 0 0 0 1#6
7. 4.5 0 0 0 1#7 нижняя сторона

0 1 3
0 5 3

#глаза
ambient 0.0 0.0 0.0
diffuse 0.01 0.01 0.01
specular 0.45 0.55 0.45 
shininess 32
mesh 6 1
2. 13.5 0 0 0 1#0
2.5 14. 0 0 0 1#1 левая сторона левого глаза
2.5 14. 0 0 0 1#2
2.5 13.5 0 0 0 1#3 правая сторона левого глаза
2.5 13.5 0 0 0 1#4
2. 13.5 0 0 0 1#5 нижняя сторона

0 3 1

mesh 6 1
3. 13.5 0 0 0 1#0
3.5 14. 0 0 0 1#1 левая сторона правого глаза
3.5 14. 0 0 0 1#2
3.5 13.5 0 0 0 1#3 правая сторона
3.5 13.5 0 0 0 1#4
3. 13.5 0 0 0 1#5 нижняя сторона

0 3 1

#правая передняя нога и связь с туловищем
ambient 0.0 0.0 0.0
diffuse 0.55 0.55 0.55
specular 0.70 0.70 0.70 
shininess 32
mesh 3 1
6.5 6.5 0 0 0 1#0
6.5 6. 0 0 0 1#1
7. 6. 0 0 0 1#2

0 1 2

mesh 3 1
7. 6. 0 0 0 1#0
7. 5. 0 0 0 1#1
7.5 5. 0 0 0 1#2

0 1 2

mesh 3 1
6.5 6. 0 0 0 1#0
7. 6. 0 0 0 1#1
7. 3. 0 0 0 1#2

0 1 2

mesh 3 1
6.5 6. 0 0 0 1#0
6.5 3. 0 0 0 1#1
7. 3. 0 0 0 1#2

0 1 2

mesh 3 1
6.5 5.5 0 0 0 1#0
6. 4. 0 0 0 1#1
6.5 3. 0 0 0 1#2

0 1 2

mesh 3 1
7. 3 0 0 0 1#0
7. 4.5 0 0 0 1#1
7.5 4.5 0 0 0 1#2

0 1 2

mesh 3 1
6.5 3. 0 0 0 1#0
7. 3. 0 0 0 1#1
7. 2. 0 0 0 1#2

0 1 2

mesh 3 1
7. 3. 0 0 0 1#0
7. 2. 0 0 0 1#1
7.5 2. 0 0 0 1#2

0 1 2

mesh 3 1
7.5 2. 0 0 0 1#0
7. 2. 0 0 0 1#1
7. 1. 0 0 0 1#2

0 1 2

mesh 3 1
7. 2. 0 0 0 1#0
7. 1.5 0 0 0 1#1
6.5 1.5 0 0 0 1#2

0 1 2

mesh 3 1
6. 1.5 0 0 0 1#0
7. 1.5 0 0 0 1#1
7 0.5 0 0 0 1#2

0 1 2

mesh 3 1
6. 1.5 0 0 0 1#0
6. 0.5 0 0 0 1#1
7 0.5 0 0 0 1#2

0 1 2

mesh 3 1
6. 1.5 0 0 0 1#0
6. 0.5 0 0 0 1#1
5.5 0.5 0 0 0 1#2

0 1 2

mesh 3 1
6.5 1. 0 0 0 1#0
6.5 0.5 0 0 0 1#1
7. 0.5 0 0 0 1#2

0 1 2

#другая нога
ambient 0.0 0.0 0.0
diffuse 0.5 0.0 0.0
specular 0.7 0.6 0.6 
shininess 32

mesh 3 1
5 0.5 0 0 0 1#0
5.5 0.5 0 0 0 1#1
5.5 1.5 0 0 0 1#2

0 1 2

mesh 3 1
5.5 0.5 0 0 0 1#0
5.5 1.5 0 0 0 1#1
6. 1.5 0 0 0 1#2

0 1 2

mesh 3 1
6. 1.5 0 0 0 1#0
6.5 1.5 0 0 0 1#1
6.5 2. 0 0 0 1#2

0 1 2

mesh 3 1
6.5 1.5 0 0 0 1#0
7. 2. 0 0 0 1#1
6.5 3. 0 0 0 1#2

0 1 2

mesh 3 1
6. 3. 0 0 0 1#0
6.5 3. 0 0 0 1#1
6.5 2. 0 0 0 1#2

0 1 2

mesh 3 1
6. 4. 0 0 0 1#0
6. 3. 0 0 0 1#1
6.5 3. 0 0 0 1#2

0 1 2

mesh 3 1
6. 3. 0 0 0 1#0
6. 4. 0 0 0 1#1
5.5 4.2 0 0 0 1#2

0 1 2

#хвост
ambient 0.0 0.0 0.0
diffuse 0.55 0.55 0.55
specular 0.70 0.70 0.70 
shininess 32

mesh 3 1
7.5 4.5 0 0 0 1#0
7.5 5. 0 0 0 1#1
8.5 5. 0 0 0 1#2

0 1 2

mesh 3 1
7.5 5. 0 0 0 1#0
8. 5. 0 0 0 1#1
8. 5.5 0 0 0 1#2

0 1 2

mesh 3 1
8.5 5. 0 0 0 1#0
8. 5. 0 0 0 1#1
8. 7. 0 0 0 1#2

0 1 2

mesh 3 1
8. 7. 0 0 0 1#0
8.5 7.5 0 0 0 1#1
8. 7.08 0 0 0 1#2

0 1 2

mesh 3 1
9. 7.5 0 0 0 1#0
8.5 7.5 0 0 0 1#1
8.5 8. 0 0 0 1#2

0 1 2

mesh 3 1
8.5 8. 0 0 0 1#0
9.5 8.5 0 0 0 1#1
9. 7.5 0 0 0 1#2

0 1 2

#тело
ambient 0.2125 0.1275 0.054
diffuse 0.714 0.4284 0.18144
specular 0.393548 0.271906 0.166721 
shininess 32

mesh 3 1
6. 4. 0 0 0 1#0
6.5 5.5 0 0 0 1#1
5.5 5.5 0 0 0 1#2

0 1 2

mesh 3 1
6. 4. 0 0 0 1#0
4.5 4.5 0 0 0 1#1
5.5 5.5 0 0 0 1#2

0 1 2

mesh 3 1
4.5 4.5 0 0 0 1#0
3.5 5. 0 0 0 1#1
5. 5. 0 0 0 1#2

0 1 2

mesh 3 1
3.5 5. 0 0 0 1#0
5. 5. 0 0 0 1#1
5. 6.5 0 0 0 1#2

0 1 2

mesh 3 1
5. 5.5 0 0 0 1#0
5. 6. 0 0 0 1#1
5.5 6. 0 0 0 1#2

0 1 2

mesh 3 1
5. 5.5 0 0 0 1#0
6. 5.5 0 0 0 1#1
6. 6.5 0 0 0 1#2

0 1 2

mesh 3 1
5.5 6. 0 0 0 1#0
5.5 6.5 0 0 0 1#1
6. 6.5 0 0 0 1#2

0 1 2

mesh 3 1
5.5 6.5 0 0 0 1#0
5.5 7. 0 0 0 1#1
6.5 6.5 0 0 0 1#2

0 1 2

mesh 3 1
3.5 5. 0 0 0 1#0
4. 5.5 0 0 0 1#1
3.5 6. 0 0 0 1#2

0 1 2

mesh 3 1
3.5 5. 0 0 0 1#0
3. 5.5 0 0 0 1#1
3.5 6. 0 0 0 1#2

0 1 2

mesh 3 1
4. 6.5 0 0 0 1#0
5. 6.5 0 0 0 1#1
4.5 6. 0 0 0 1#2

0 1 2

mesh 3 1
4. 6.5 0 0 0 1#0
4.5 7. 0 0 0 1#1
4.5 6.5 0 0 0 1#2

0 1 2

mesh 3 1
3. 5.5 0 0 0 1#0
3. 7. 0 0 0 1#1
4.5 7 0 0 0 1#2

0 1 2

mesh 3 1
4. 7. 0 0 0 1#0
4. 8. 0 0 0 1#1
5.5 7. 0 0 0 1#2

0 1 2

mesh 3 1
3. 7. 0 0 0 1#0
3.5 7.5 0 0 0 1#1
3.5 7. 0 0 0 1#2

0 1 2

mesh 3 1
3.5 7.5 0 0 0 1#0
4. 8. 0 0 0 1#1
4 7.5 0 0 0 1#2

0 1 2

mesh 3 1
2.5 5.5 0 0 0 1#0
3. 5.5 0 0 0 1#1
3. 7. 0 0 0 1#2

0 1 2

mesh 3 1
2. 6. 0 0 0 1#0
3. 7. 0 0 0 1#1
2.5 5.5 0 0 0 1#2

0 1 2

mesh 3 1
1.5 5.5 0 0 0 1#0
1.5 6.5 0 0 0 1#1
2.5 5.5 0 0 0 1#2

0 1 2

mesh 3 1
1.5 5.5 0 0 0 1#0
1. 6.5 0 0 0 1#1
1.5 7.5 0 0 0 1#2

0 1 2

mesh 3 1
1.5 6.5 0 0 0 1#0
3. 7. 0 0 0 1#1
2. 6. 0 0 0 1#2

0 1 2

mesh 3 1
1.5 6.5 0 0 0 1#0
1.5 7. 0 0 0 1#1
3. 7. 0 0 0 1#2

0 1 2

mesh 3 1
1.5 7. 0 0 0 1#0
1.5 7.5 0 0 0 1#1
2.5 7. 0 0 0 1#2

0 1 2

mesh 3 1
1.5 7.5 0 0 0 1#0
2.5 7.5 0 0 0 1#1
2.5 7. 0 0 0 1#2

0 1 2

mesh 3 1
1.5 7.5 0 0 0 1#0
2. 7.5 0 0 0 1#1
2. 8. 0 0 0 1#2

0 1 2

mesh 3 1
2.5 7.5 0 0 0 1#0
3. 7.5 0 0 0 1#1
2.5 7. 0 0 0 1#2

0 1 2

mesh 3 1
3. 7. 0 0 0 1#0
3. 8. 0 0 0 1#1
4. 8. 0 0 0 1#2

0 1 2

mesh 3 1
2.5 7.5 0 0 0 1#0
3. 7.5 0 0 0 1#1
3. 8. 0 0 0 1#2

0 1 2

mesh 3 1
2.5 7.5 0 0 0 1#0
2.5 8.5 0 0 0 1#1
3.5 8.5 0 0 0 1#2

0 1 2

# ноги передние
# левая

mesh 3 1
0.5 0.5 0 0 0 1#0
1.5 1.5 0 0 0 1#1
2. 0.5 0 0 0 1#2

0 1 2

mesh 3 1
1.5 1.5 0 0 0 1#0
2. 1.5 0 0 0 1#1
2. 0.5 0 0 0 1#2

0 1 2

mesh 3 1
1.5 1.5 0 0 0 1#0
1.5 5.5 0 0 0 1#1
2. 1.5 0 0 0 1#2

0 1 2

mesh 3 1
1.5 5.5 0 0 0 1#0
2.5 5.5 0 0 0 1#1
2. 1.5 0 0 0 1#2

0 1 2

#правая

ambient 0.0 0.0 0.0
diffuse 0.5 0.0 0.0
specular 0.7 0.6 0.6 
shininess 32

mesh 3 1
2. 0.5 0 0 0 1#0
2.5 1.5 0 0 0 1#1
3. 0.5 0 0 0 1#2

0 1 2

mesh 3 1
2.5 1.5 0 0 0 1#0
3. 1.5 0 0 0 1#1
3. 0.5 0 0 0 1#2

0 1 2

mesh 3 1
3. 1.5 0 0 0 1#0
3. 0.5 0 0 0 1#1
3.5 0.5 0 0 0 1#2

0 1 2

mesh 3 1
2.5 1.5 0 0 0 1#0
3. 1.5 0 0 0 1#1
2.5 5.5 0 0 0 1#2

0 1 2

mesh 3 1
3. 1.5 0 0 0 1#0
3. 5.5 0 0 0 1#1
2.5 5.5 0 0 0 1#2

0 1 2

mesh 3 1
3. 5.5 0 0 0 1#0
3.5 5. 0 0 0 1#1
3. 1.5 0 0 0 1#2

0 1 2

# шея
ambient 0.2125 0.1275 0.054
diffuse 0.714 0.4284 0.18144
specular 0.393548 0.271906 0.166721 
shininess 32

mesh 3 1
2. 8. 0 0 0 1#0
2.5 8. 0 0 0 1#1
2.5 10.5 0 0 0 1#2

0 1 2

mesh 3 1
2.5 9. 0 0 0 1#0
3. 8.5 0 0 0 1#1
4. 9. 0 0 0 1#2

0 1 2

mesh 3 1
4. 9. 0 0 0 1#0
3.5 8.5 0 0 0 1#1
3. 8.5 0 0 0 1#2

0 1 2

mesh 3 1
2.5 9. 0 0 0 1#0
3.5 9. 0 0 0 1#1
2.5 10. 0 0 0 1#2

0 1 2

mesh 3 1
3. 9.5 0 0 0 1#0
4. 9.5 0 0 0 1#1
3.5 9. 0 0 0 1#2

0 1 2

mesh 3 1
3.5 9. 0 0 0 1#0
4. 9. 0 0 0 1#1
4. 9.5 0 0 0 1#2

0 1 2

mesh 3 1
2.5 10. 0 0 0 1#0
3.5 10. 0 0 0 1#1
3. 9.5 0 0 0 1#2

0 1 2

mesh 3 1
2.5 10. 0 0 0 1#0
2.5 10.5 0 0 0 1#1
3.5 10.5 0 0 0 1#2

0 1 2

mesh 3 1
2.5 10. 0 0 0 1#0
3.5 10.5 0 0 0 1#1
4. 10. 0 0 0 1#2

0 1 2

mesh 3 1
3.5 10. 0 0 0 1#0
4. 10. 0 0 0 1#1
4. 9.5 0 0 0 1#2

0 1 2

mesh 3 1
3. 10.5 0 0 0 1#0
3.5 10.5 0 0 0 1#1
3.5 11. 0 0 0 1#2

0 1 2

mesh 3 1
2.5 11. 0 0 0 1#0
3.5 11. 0 0 0 1#1
3. 10.5 0 0 0 1#2

0 1 2

mesh 3 1
2.5 11. 0 0 0 1#0
3. 11. 0 0 0 1#1
2.5 11.5 0 0 0 1#2

0 1 2

mesh 3 1
3. 11. 0 0 0 1#0
3.5 11. 0 0 0 1#1
3.5 11.5 0 0 0 1#2

0 1 2

mesh 3 1
3.5 11. 0 0 0 1#0
4. 11.5 0 0 0 1#1
3.5 12.5 0 0 0 1#2

0 1 2

mesh 3 1
3.5 12.5 0 0 0 1#0
3. 12. 0 0 0 1#1
3.5 11.5 0 0 0 1#2

0 1 2

mesh 3 1
2.5 11.5 0 0 0 1#0
2.5 12.5 0 0 0 1#1
3.5 12.5 0 0 0 1#2

0 1 2

# голова

mesh 3 1
3.5 12.5 0 0 0 1#0
4. 14. 0 0 0 1#1
4. 11.5 0 0 0 1#2

0 1 2

mesh 3 1
4. 12. 0 0 0 1#0
4. 14. 0 0 0 1#1
5. 13. 0 0 0 1#2

0 1 2

mesh 3 1
4. 14. 0 0 0 1#0
4.5 14.5 0 0 0 1#1
4.5 13.5 0 0 0 1#2

0 1 2

mesh 3 1
4.5 14.5 0 0 0 1#0
5.5 14. 0 0 0 1#1
4.5 13.5 0 0 0 1#2

0 1 2

mesh 3 1
4.5 14.5 0 0 0 1#0
5.5 14.5 0 0 0 1#1
5.5 14. 0 0 0 1#2

0 1 2

mesh 3 1
2.5 14.5 0 0 0 1#0
3.5 14.5 0 0 0 1#1
3.5 14. 0 0 0 1#2

0 1 2

mesh 3 1
2. 14. 0 0 0 1#0
2.5 14.5 0 0 0 1#1
3.5 14. 0 0 0 1#2

0 1 2

mesh 3 1
2. 14. 0 0 0 1#0
2.5 14. 0 0 0 1#1
2. 13.5 0 0 0 1#2

0 1 2

mesh 3 1
2.5 14. 0 0 0 1#0
2.5 13.5 0 0 0 1#1
3.5 14. 0 0 0 1#2

0 1 2

mesh 3 1
2.5 13.5 0 0 0 1#0
3. 13.5 0 0 0 1#1
3.5 14. 0 0 0 1#2

0 1 2

mesh 3 1
3.5 14.5 0 0 0 1#0
4. 14. 0 0 0 1#1
3.5 12.5 0 0 0 1#2

0 1 2

mesh 3 1
3.5 12.5 0 0 0 1#0
3.5 13.5 0 0 0 1#1
1. 12.5 0 0 0 1#2

0 1 2

mesh 3 1
1 12.5 0 0 0 1#0
1 13. 0 0 0 1#1
3.5 13.5 0 0 0 1#2

0 1 2

mesh 3 1
1 13. 0 0 0 1#0
2 13.5 0 0 0 1#1
3.5 13.5 0 0 0 1#2

0 1 2

mesh 3 1
1 12.5 0 0 0 1#0
2 12. 0 0 0 1#1
3.5 12.5 0 0 0 1#2

0 1 2

# левое ухо

mesh 3 1
0.5 14.5 0 0 0 1#0
1.5 14.5 0 0 0 1#1
1. 13.5 0 0 0 1#2

0 1 2

mesh 3 1
1.5 14.5 0 0 0 1#0
2. 14. 0 0 0 1#1
1. 13.5 0 0 0 1#2

0 1 2


# преобразовани€ и размещени€ по описанию
pushTransform # сохранить отправную точку
scale 0.75
pushTransform
scale 2
rotate 90 0 0 1#
translate 10 5 0
pushTransform
translate 2.5 0 0
figure # запомнить положение и ракурс первого рисунка
popTransform # откатились к преобразованию поворота

pushTransform
translate 7.5 0 0
figure # запомнить положение и ракурс первого рисунка
popTransform # откатились к преобразованию поворота
popTransform

pushTransform
translate 4 0 0
rotate 45 0 0 1
translate 10 5 0
figure
popTransform

pushTransform
translate 4 0 0
rotate 135 0 0 1
translate 10 5 0
figure
popTransform

pushTransform
translate 4 0 0
rotate 270 0 0 1
translate 10 5 0
figure
popTransform
popTransform

# второй рисунок
model 2.25 4.5 0 4.5 8 2
color 128 128 128 # серый цвет
mesh 39 31
# голова
0.5 3. 0.0  0.0 0.0 1.0 #0 левая щека
1. 4.5 0.0  0.0 0.0 1.0  #1 левое ухо слева снизу
0.5 6. 0.0  0.0 0.0 1.0 #2 левое ухо слева середина
0.5 7.5 0.0  0.0 0.0 1.0 #3 левое ухо верх слева
1. 8. 0.0  0.0 0.0 1.0 #4 левое ухо верх середина слева
1.5 8. 0.0  0.0 0.0 1.0 #5 левое ухо верх середина справа
2. 7.5 0.  0.0 0.0 1.0 #6 левое ухо крайняя правая
1.5 6. 0.  0.0 0.0 1.0 #7 левое ухо середина справа
1.5 4.5 0. 0.0 0.0 1.0 #8 макушка слева
3. 4.5 0. 0.0 0.0 1.0 #9 макушка справа
3. 6. 0. 0.0 0.0 1.0 #10 правое ухо середина слева
2.5 7.5 0. 0.0 0.0 1.0 #11 правое ухо крайняя левая
3. 8. 0. 0.0 0.0 1.0 #12 правое ухо верх середина слева
3.5 8. 0. 0.0 0.0 1.0 #13 правое ухо верх середина справа
4. 7.5 0. 0.0 0.0 1.0 #14 правое ухо сверху справа
4. 6. 0. 0.0 0.0 1.0 #15 правое ухо середина справа
3.5 4.5 0. 0.0 0.0 1.0 #16 правое ухо низ справа
4. 3. 0. 0.0 0.0 1.0 #17 правая щека
3.5 1.5 0. 0.0 0.0 1.0 #18 правая скула
2.5 1. 0. 0.0 0.0 1.0 #19 подбородок справа
2. 1. 0. 0.0 0.0 1.0 #20 подбородок слева
1. 1.5 0. 0.0 0.0 1.0 #21 левая скула
# глаза
# левый глаз
1.5 3.5 0. 0.0 0.0 1.0 #22 левый глаз слева верх
1.5 3. 0. 0.0 0.0 1.0 #23 левый глаз слева низ
2. 3. 0. 0.0 0.0 1.0 #24 левый глаз справа низ
2. 3.5 0. 0.0 0.0 1.0 #25 левый глаз справа верх
# правый глаз
2.5 3.5 0. 0.0 0.0 1.0 #26 правый глаз слева верх
2.5 3. 0. 0.0 0.0 1.0 #27 правый глаз слева низ
3. 3. 0. 0.0 0.0 1.0 #28 правый глаз справа низ
3. 3.5 0. 0.0 0.0 1.0 #29 правый глаз справа верх
# ушные раковины
# левая ушная раковина
1. 5.5 0. 0.0 0.0 1.0 #30 нижняя точка
1. 7. 0. 0.0 0.0 1.0 #31 верхняя левая
1.01 7. 0. 0.0 0.0 1.0 #32 верхняя правая (дополнительная)
# правая ушная раковина
3.5 5.5 0. 0.0 0.0 1.0 #33 нижняя точка
3.5 7. 0. 0.0 0.0 1.0 #34 верхняя правая
3.49 7. 0. 0.0 0.0 1.0 #35 верхняя левая (дополнительная)
# нос
2. 2.5 0. 0.0 0.0 1.0 #36 сверху слева
2.5 2.5 0. 0.0 0.0 1.0 #37 сверху справа
2.25 2. 0. 0.0 0.0 1.0 #38 низ
# треугольники
0 7 23 # левый большой треугольник от щеки до глаза
1 30 7 # нижняя часть левого уха
1 2 4 # больший треугольник левого уха
2 3 4 # левая верхушка левого уха
4 5 31 # верхушка левого уха
5 31 32 # тонкий треугольник сверху
5 32 7 # с двумя пунктирными ребрами
5 6 7 # правая верхушка левого уха
32 7 30 # середина левого уха
8 9 22 # лоб сверху
9 22 29 # лоб справа
24 25 27 # между глаз левый
25 27 26 # между глаз правый
0 17 36 # большой под глазами
36 37 17 # от носа до правой скулы
0 36 21 # левая щека
36 38 21 # слева от носа
38 20 21 # под носом слева
38 19 20 # самый нижний
38 18 19 # под носом вправа
37 18 38 # справа от носа
37 17 18 # правая щека
17 28 10 # большой треугольник справа
10 33 16 # нижняя часть правого уха
16 13 15 # большой треугольник правого уха
13 14 15 # правая верхушка правого уха
12 13 34 # верхушка правого уха
12 34 35 # тонкий треугольник сверху
12 35 10 # правый треугольник с синим пунктиром
10 11 12 # левая верхушка правого уха
10 35 33 # средняя часть правого уха

# преобразовани€ и размещени€ по описанию
pushTransform # сохранить преобразование поворота
scale 0.5
pushTransform
scale 2
rotate 90 0 0 1
translate 10 5 0
pushTransform
translate -2.5 0 0
figure # запомнить положение и ракурс первого рисунка
popTransform # откатились к преобразованию поворота

pushTransform
translate -7.5 0 0
figure # запомнить положение и ракурс первого рисунка
popTransform # откатились к преобразованию поворота
popTransform

pushTransform
translate 4 0 0
rotate 90 0 0 1
translate 10 5 0
figure
popTransform

pushTransform
translate 4 0 0
rotate 225 0 0 1
translate 10 5 0
figure
popTransform

pushTransform
translate 4 0 0
rotate 315 0 0 1
translate 10 5 0
figure
popTransform